150 169 160 43 58 253 228 159 30 145 104 83 66 101 44 71 166 121 48 123 74 205 116 239 46 97 248 163 82 53 188 151 182 73 192 203 90 157 4 63 62 49 136 243 98 5 76 231 198 25 80 27 106 109 148 143 78 1 24 67 114 213 220 55 214 233 224 107 122 61 36 223 94 209 168 147 130 165 108 135 230 185 112 187 138 13 180 47 110 161 56 227 146 117 252 215 246 137 0 11 154 221 68 127 126 113 200 51 162 69 140 39 6 89 144 91 170 173 212 207 142 65 88 131 178 21 28 119 22 41 32 171 186 125 100 31 158 17 232 211 194 229 172 199 38 249 176 251 202 77 244 111 174 225 120 35 210 181 60 23 54 201 64 75 218 29 132 191 190 177 8 115 226 133 204 103 70 153 208 155 234 237 20 15 206 129 152 195 242 85 

50 149 156 247 150 169 160 43 58 253 228 159 30 145 104 83 66 101 44 71 166 121 48 123 74 205 116 239 46 97 248 163 82 53 188 151 182 73 192 203 90 157 4 63 62 49 136 243 98 5 76 231 198 25 80 27 106 109 148 143 78 1 24 67 114 213 220 55 214 233 224 107 122 61 36 223 94 209 168 147 130 165 108 135 230 185 112 187 138 13 180 47 110 161 56 227 146 117 252 215 246 137 0 11 154 221 68 127 126 113 200 51 162 69 140 39 6 89 144 91 170 173 212 207 142 65 88 131 178 21 28 119 22 41 32 171 186 125 100 31 158 17 232 211 194 229 172 199 38 249 176 251 202 77 244 111 174 225 120 35 210 181 60 23 54 201 64 75 218 29 132 191 190 177 8 115 226 133 204 103 70 153 208 155 234 237 20 15 206 129 

1 24 67 114 213 220 55 214 233 224 107 122 61 36 223 94 209 168 147 130 165 108 135 230 185 112 187 138 13 180 47 110 161 56 227 146 117 252 215 246 137 0 11 154 221 68 127 126 113 200 51 162 69 140 39 6 89 144 91 170 173 212 207 142 65 88 131 178 21 28 119 22 41 32 171 186 125 100 31 158 17 232 211 194 229 172 199 38 249 176 251 202 77 244 111 174 225 120 35 210 181 60 23 54 201 64 75 218 29 132 191 190 177 8 115 226 133 204 103 70 153 208 155 234 237 20 15 206 129 152 195 242 85 92 183 86 105 96 235 250 189 164 95 222 81 40 19 2 37 236 7 102 57 240 59 10 141 52 175 238 33 184 99 18 245 124 87 118 9 128 139 26 93 196 255 254 241 72 179 34 197 12 167 134 217 16 219 42 45 84 

2 37 236 7 102 57 240 59 10 141 52 175 238 33 184 99 18 245 124 87 118 9 128 139 26 93 196 255 254 241 72 179 34 197 12 167 134 217 16 219 42 45 84 79 14 193 216 3 50 149 156 247 150 169 160 43 58 253 228 159 30 145 104 83 66 101 44 71 166 121 48 123 74 205 116 239 46 97 248 163 82 53 188 151 182 73 192 203 90 157 4 63 62 49 136 243 98 5 76 231 198 25 80 27 106 109 148 143 78 1 24 67 114 213 220 55 214 233 224 107 122 61 36 223 94 209 168 147 130 165 108 135 230 185 112 187 138 13 180 47 110 161 56 227 146 117 252 215 246 137 0 11 154 221 68 127 126 113 200 51 162 69 140 39 6 89 144 91 170 173 212 207 142 65 88 131 178 21 28 119 22 41 32 171 186 125 100 31 158 17 

3 50 149 156 247 150 169 160 43 58 253 228 159 30 145 104 83 66 101 44 71 166 121 48 123 74 205 116 239 46 97 248 163 82 53 188 151 182 73 192 203 90 157 4 63 62 49 136 243 98 5 76 231 198 25 80 27 106 109 148 143 78 1 24 67 114 213 220 55 214 233 224 107 122 61 36 223 94 209 168 147 130 165 108 135 230 185 112 187 138 13 180 47 110 161 56 227 146 117 252 215 246 137 0 11 154 221 68 127 126 113 200 51 162 69 140 39 6 89 144 91 170 173 212 207 142 65 88 131 178 21 28 119 22 41 32 171 186 125 100 31 158 17 232 211 194 229 172 199 38 249 176 251 202 77 244 111 174 225 120 35 210 181 60 23 54 201 64 75 218 29 132 191 190 177 8 115 226 133 204 103 70 153 208 155 234 237 20 15 206 

4 63 62 49 136 243 98 5 76 231 198 25 80 27 106 109 148 143 78 1 24 67 114 213 220 55 214 233 224 107 122 61 36 223 94 209 168 147 130 165 108 135 230 185 112 187 138 13 180 47 110 161 56 227 146 117 252 215 246 137 0 11 154 221 68 127 126 113 200 51 162 69 140 39 6 89 144 91 170 173 212 207 142 65 88 131 178 21 28 119 22 41 32 171 186 125 100 31 158 17 232 211 194 229 172 199 38 249 176 251 202 77 244 111 174 225 120 35 210 181 60 23 54 201 64 75 218 29 132 191 190 177 8 115 226 133 204 103 70 153 208 155 234 237 20 15 206 129 152 195 242 85 92 183 86 105 96 235 250 189 164 95 222 81 40 19 2 37 236 7 102 57 240 59 10 141 52 175 238 33 184 99 18 245 124 87 118 9 128 139 

5 76 231 198 25 80 27 106 109 148 143 78 1 24 67 114 213 220 55 214 233 224 107 122 61 36 223 94 209 168 147 130 165 108 135 230 185 112 187 138 13 180 47 110 161 56 227 146 117 252 215 246 137 0 11 154 221 68 127 126 113 200 51 162 69 140 39 6 89 144 91 170 173 212 207 142 65 88 131 178 21 28 119 22 41 32 171 186 125 100 31 158 17 232 211 194 229 172 199 38 249 176 251 202 77 244 111 174 225 120 35 210 181 60 23 54 201 64 75 218 29 132 191 190 177 8 115 226 133 204 103 70 153 208 155 234 237 20 15 206 129 152 195 242 85 92 183 86 105 96 235 250 189 164 95 222 81 40 19 2 37 236 7 102 57 240 59 10 141 52 175 238 33 184 99 18 245 124 87 118 9 128 139 26 93 196 255 254 241 72 

6 89 144 91 170 173 212 207 142 65 88 131 178 21 28 119 22 41 32 171 186 125 100 31 158 17 232 211 194 229 172 199 38 249 176 251 202 77 244 111 174 225 120 35 210 181 60 23 54 201 64 75 218 29 132 191 190 177 8 115 226 133 204 103 70 153 208 155 234 237 20 15 206 129 152 195 242 85 92 183 86 105 96 235 250 189 164 95 222 81 40 19 2 37 236 7 102 57 240 59 10 141 52 175 238 33 184 99 18 245 124 87 118 9 128 139 26 93 196 255 254 241 72 179 34 197 12 167 134 217 16 219 42 45 84 79 14 193 216 3 50 149 156 247 150 169 160 43 58 253 228 159 30 145 104 83 66 101 44 71 166 121 48 123 74 205 116 239 46 97 248 163 82 53 188 151 182 73 192 203 90 157 4 63 62 49 136 243 98 5 

7 102 57 240 59 10 141 52 175 238 33 184 99 18 245 124 87 118 9 128 139 26 93 196 255 254 241 72 179 34 197 12 167 134 217 16 219 42 45 84 79 14 193 216 3 50 149 156 247 150 169 160 43 58 253 228 159 30 145 104 83 66 101 44 71 166 121 48 123 74 205 116 239 46 97 248 163 82 53 188 151 182 73 192 203 90 157 4 63 62 49 136 243 98 5 76 231 198 25 80 27 106 109 148 143 78 1 24 67 114 213 220 55 214 233 224 107 122 61 36 223 94 209 168 147 130 165 108 135 230 185 112 187 138 13 180 47 110 161 56 227 146 117 252 215 246 137 0 11 154 221 68 127 126 113 200 51 162 69 140 39 6 89 144 91 170 173 212 207 142 65 88 131 178 21 28 119 22 41 32 171 186 125 100 31 158 17 232 211 194 

8 115 226 133 204 103 70 153 208 155 234 237 20 15 206 129 152 195 242 85 92 183 86 105 96 235 250 189 164 95 222 81 40 19 2 37 236 7 102 57 240 59 10 141 52 175 238 33 184 99 18 245 124 87 118 9 128 139 26 93 196 255 254 241 72 179 34 197 12 167 134 217 16 219 42 45 84 79 14 193 216 3 50 149 156 247 150 169 160 43 58 253 228 159 30 145 104 83 66 101 44 71 166 121 48 123 74 205 116 239 46 97 248 163 82 53 188 151 182 73 192 203 90 157 4 63 62 49 136 243 98 5 76 231 198 25 80 27 106 109 148 143 78 1 24 67 114 213 220 55 214 233 224 107 122 61 36 223 94 209 168 147 130 165 108 135 230 185 112 187 138 13 180 47 110 161 56 227 146 117 252 215 246 137 0 11 154 221 68 127 

9 128 139 26 93 196 255 254 241 72 179 34 197 12 167 134 217 16 219 42 45 84 79 14 193 216 3 50 149 156 247 150 169 160 43 58 253 228 159 30 145 104 83 66 101 44 71 166 121 48 123 74 205 116 239 46 97 248 163 82 53 188 151 182 73 192 203 90 157 4 63 62 49 136 243 98 5 76 231 198 25 80 27 106 109 148 143 78 1 24 67 114 213 220 55 214 233 224 107 122 61 36 223 94 209 168 147 130 165 108 135 230 185 112 187 138 13 180 47 110 161 56 227 146 117 252 215 246 137 0 11 154 221 68 127 126 113 200 51 162 69 140 39 6 89 144 91 170 173 212 207 142 65 88 131 178 21 28 119 22 41 32 171 186 125 100 31 158 17 232 211 194 229 172 199 38 249 176 251 202 77 244 111 174 225 120 35 210 181 60 

10 141 52 175 238 33 184 99 18 245 124 87 118 9 128 139 26 93 196 255 254 241 72 179 34 197 12 167 134 217 16 219 42 45 84 79 14 193 216 3 50 149 156 247 150 169 160 43 58 253 228 159 30 145 104 83 66 101 44 71 166 121 48 123 74 205 116 239 46 97 248 163 82 53 188 151 182 73 192 203 90 157 4 63 62 49 136 243 98 5 76 231 198 25 80 27 106 109 148 143 78 1 24 67 114 213 220 55 214 233 224 107 122 61 36 223 94 209 168 147 130 165 108 135 230 185 112 187 138 13 180 47 110 161 56 227 146 117 252 215 246 137 0 11 154 221 68 127 126 113 200 51 162 69 140 39 6 89 144 91 170 173 212 207 142 65 88 131 178 21 28 119 22 41 32 171 186 125 100 31 158 17 232 211 194 229 172 199 38 249 

11 154 221 68 127 126 113 200 51 162 69 140 39 6 89 144 91 170 173 212 207 142 65 88 131 178 21 28 119 22 41 32 171 186 125 100 31 158 17 232 211 194 229 172 199 38 249 176 251 202 77 244 111 174 225 120 35 210 181 60 23 54 201 64 75 218 29 132 191 190 177 8 115 226 133 204 103 70 153 208 155 234 237 20 15 206 129 152 195 242 85 92 183 86 105 96 235 250 189 164 95 222 81 40 19 2 37 236 7 102 57 240 59 10 141 52 175 238 33 184 99 18 245 124 87 118 9 128 139 26 93 196 255 254 241 72 179 34 197 12 167 134 217 16 219 42 45 84 79 14 193 216 3 50 149 156 247 150 169 160 43 58 253 228 159 30 145 104 83 66 101 44 71 166 121 48 123 74 205 116 239 46 97 248 163 82 53 188 151 182 

12 167 134 217 16 219 42 45 84 79 14 193 216 3 50 149 156 247 150 169 160 43 58 253 228 159 30 145 104 83 66 101 44 71 166 121 48 123 74 205 116 239 46 97 248 163 82 53 188 151 182 73 192 203 90 157 4 63 62 49 136 243 98 5 76 231 198 25 80 27 106 109 148 143 78 1 24 67 114 213 220 55 214 233 224 107 122 61 36 223 94 209 168 147 130 165 108 135 230 185 112 187 138 13 180 47 110 161 56 227 146 117 252 215 246 137 0 11 154 221 68 127 126 113 200 51 162 69 140 39 6 89 144 91 170 173 212 207 142 65 88 131 178 21 28 119 22 41 32 171 186 125 100 31 158 17 232 211 194 229 172 199 38 249 176 251 202 77 244 111 174 225 120 35 210 181 60 23 54 201 64 75 218 29 132 191 190 177 8 115 

13 180 47 110 161 56 227 146 117 252 215 246 137 0 11 154 221 68 127 126 113 200 51 162 69 140 39 6 89 144 91 170 173 212 207 142 65 88 131 178 21 28 119 22 41 32 171 186 125 100 31 158 17 232 211 194 229 172 199 38 249 176 251 202 77 244 111 174 225 120 35 210 181 60 23 54 201 64 75 218 29 132 191 190 177 8 115 226 133 204 103 70 153 208 155 234 237 20 15 206 129 152 195 242 85 92 183 86 105 96 235 250 189 164 95 222 81 40 19 2 37 236 7 102 57 240 59 10 141 52 175 238 33 184 99 18 245 124 87 118 9 128 139 26 93 196 255 254 241 72 179 34 197 12 167 134 217 16 219 42 45 84 79 14 193 216 3 50 149 156 247 150 169 160 43 58 253 228 159 30 145 104 83 66 101 44 71 166 121 48 

14 193 216 3 50 149 156 247 150 169 160 43 58 253 228 159 30 145 104 83 66 101 44 71 166 121 48 123 74 205 116 239 46 97 248 163 82 53 188 151 182 73 192 203 90 157 4 63 62 49 136 243 98 5 76 231 198 25 80 27 106 109 148 143 78 1 24 67 114 213 220 55 214 233 224 107 122 61 36 223 94 209 168 147 130 165 108 135 230 185 112 187 138 13 180 47 110 161 56 227 146 117 252 215 246 137 0 11 154 221 68 127 126 113 200 51 162 69 140 39 6 89 144 91 170 173 212 207 142 65 88 131 178 21 28 119 22 41 32 171 186 125 100 31 158 17 232 211 194 229 172 199 38 249 176 251 202 77 244 111 174 225 120 35 210 181 60 23 54 201 64 75 218 29 132 191 190 177 8 115 226 133 204 103 70 153 208 155 234 237 

15 206 129 152 195 242 85 92 183 86 105 96 235 250 189 164 95 222 81 40 19 2 37 236 7 102 57 240 59 10 141 52 175 238 33 184 99 18 245 124 87 118 9 128 139 26 93 196 255 254 241 72 179 34 197 12 167 134 217 16 219 42 45 84 79 14 193 216 3 50 149 156 247 150 169 160 43 58 253 228 159 30 145 104 83 66 101 44 71 166 121 48 123 74 205 116 239 46 97 248 163 82 53 188 151 182 73 192 203 90 157 4 63 62 49 136 243 98 5 76 231 198 25 80 27 106 109 148 143 78 1 24 67 114 213 220 55 214 233 224 107 122 61 36 223 94 209 168 147 130 165 108 135 230 185 112 187 138 13 180 47 110 161 56 227 146 117 252 215 246 137 0 11 154 221 68 127 126 113 200 51 162 69 140 39 6 89 144 91 170 

16 219 42 45 84 79 14 193 216 3 50 149 156 247 150 169 160 43 58 253 228 159 30 145 104 83 66 101 44 71 166 121 48 123 74 205 116 239 46 97 248 163 82 53 188 151 182 73 192 203 90 157 4 63 62 49 136 243 98 5 76 231 198 25 80 27 106 109 148 143 78 1 24 67 114 213 220 55 214 233 224 107 122 61 36 223 94 209 168 147 130 165 108 135 230 185 112 187 138 13 180 47 110 161 56 227 146 117 252 215 246 137 0 11 154 221 68 127 126 113 200 51 162 69 140 39 6 89 144 91 170 173 212 207 142 65 88 131 178 21 28 119 22 41 32 171 186 125 100 31 158 17 232 211 194 229 172 199 38 249 176 251 202 77 244 111 174 225 120 35 210 181 60 23 54 201 64 75 218 29 132 191 190 177 8 115 226 133 204 103 

17 232 211 194 229 172 199 38 249 176 251 202 77 244 111 174 225 120 35 210 181 60 23 54 201 64 75 218 29 132 191 190 177 8 115 226 133 204 103 70 153 208 155 234 237 20 15 206 129 152 195 242 85 92 183 86 105 96 235 250 189 164 95 222 81 40 19 2 37 236 7 102 57 240 59 10 141 52 175 238 33 184 99 18 245 124 87 118 9 128 139 26 93 196 255 254 241 72 179 34 197 12 167 134 217 16 219 42 45 84 79 14 193 216 3 50 149 156 247 150 169 160 43 58 253 228 159 30 145 104 83 66 101 44 71 166 121 48 123 74 205 116 239 46 97 248 163 82 53 188 151 182 73 192 203 90 157 4 63 62 49 136 243 98 5 76 231 198 25 80 27 106 109 148 143 78 1 24 67 114 213 220 55 214 233 224 107 122 61 36 

18 245 124 87 118 9 128 139 26 93 196 255 254 241 72 179 34 197 12 167 134 217 16 219 42 45 84 79 14 193 216 3 50 149 156 247 150 169 160 43 58 253 228 159 30 145 104 83 66 101 44 71 166 121 48 123 74 205 116 239 46 97 248 163 82 53 188 151 182 73 192 203 90 157 4 63 62 49 136 243 98 5 76 231 198 25 80 27 106 109 148 143 78 1 24 67 114 213 220 55 214 233 224 107 122 61 36 223 94 209 168 147 130 165 108 135 230 185 112 187 138 13 180 47 110 161 56 227 146 117 252 215 246 137 0 11 154 221 68 127 126 113 200 51 162 69 140 39 6 89 144 91 170 173 212 207 142 65 88 131 178 21 28 119 22 41 32 171 186 125 100 31 158 17 232 211 194 229 172 199 38 249 176 251 202 77 244 111 174 225 

19 2 37 236 7 102 57 240 59 10 141 52 175 238 33 184 99 18 245 124 87 118 9 128 139 26 93 196 255 254 241 72 179 34 197 12 167 134 217 16 219 42 45 84 79 14 193 216 3 50 149 156 247 150 169 160 43 58 253 228 159 30 145 104 83 66 101 44 71 166 121 48 123 74 205 116 239 46 97 248 163 82 53 188 151 182 73 192 203 90 157 4 63 62 49 136 243 98 5 76 231 198 25 80 27 106 109 148 143 78 1 24 67 114 213 220 55 214 233 224 107 122 61 36 223 94 209 168 147 130 165 108 135 230 185 112 187 138 13 180 47 110 161 56 227 146 117 252 215 246 137 0 11 154 221 68 127 126 113 200 51 162 69 140 39 6 89 144 91 170 173 212 207 142 65 88 131 178 21 28 119 22 41 32 171 186 125 100 31 158 

20 15 206 129 152 195 242 85 92 183 86 105 96 235 250 189 164 95 222 81 40 19 2 37 236 7 102 57 240 59 10 141 52 175 238 33 184 99 18 245 124 87 118 9 128 139 26 93 196 255 254 241 72 179 34 197 12 167 134 217 16 219 42 45 84 79 14 193 216 3 50 149 156 247 150 169 160 43 58 253 228 159 30 145 104 83 66 101 44 71 166 121 48 123 74 205 116 239 46 97 248 163 82 53 188 151 182 73 192 203 90 157 4 63 62 49 136 243 98 5 76 231 198 25 80 27 106 109 148 143 78 1 24 67 114 213 220 55 214 233 224 107 122 61 36 223 94 209 168 147 130 165 108 135 230 185 112 187 138 13 180 47 110 161 56 227 146 117 252 215 246 137 0 11 154 221 68 127 126 113 200 51 162 69 140 39 6 89 144 91 

21 28 119 22 41 32 171 186 125 100 31 158 17 232 211 194 229 172 199 38 249 176 251 202 77 244 111 174 225 120 35 210 181 60 23 54 201 64 75 218 29 132 191 190 177 8 115 226 133 204 103 70 153 208 155 234 237 20 15 206 129 152 195 242 85 92 183 86 105 96 235 250 189 164 95 222 81 40 19 2 37 236 7 102 57 240 59 10 141 52 175 238 33 184 99 18 245 124 87 118 9 128 139 26 93 196 255 254 241 72 179 34 197 12 167 134 217 16 219 42 45 84 79 14 193 216 3 50 149 156 247 150 169 160 43 58 253 228 159 30 145 104 83 66 101 44 71 166 121 48 123 74 205 116 239 46 97 248 163 82 53 188 151 182 73 192 203 90 157 4 63 62 49 136 243 98 5 76 231 198 25 80 27 106 109 148 143 78 1 24 

22 41 32 171 186 125 100 31 158 17 232 211 194 229 172 199 38 249 176 251 202 77 244 111 174 225 120 35 210 181 60 23 54 201 64 75 218 29 132 191 190 177 8 115 226 133 204 103 70 153 208 155 234 237 20 15 206 129 152 195 242 85 92 183 86 105 96 235 250 189 164 95 222 81 40 19 2 37 236 7 102 57 240 59 10 141 52 175 238 33 184 99 18 245 124 87 118 9 128 139 26 93 196 255 254 241 72 179 34 197 12 167 134 217 16 219 42 45 84 79 14 193 216 3 50 149 156 247 150 169 160 43 58 253 228 159 30 145 104 83 66 101 44 71 166 121 48 123 74 205 116 239 46 97 248 163 82 53 188 151 182 73 192 203 90 157 4 63 62 49 136 243 98 5 76 231 198 25 80 27 106 109 148 143 78 1 24 67 114 213 

23 54 201 64 75 218 29 132 191 190 177 8 115 226 133 204 103 70 153 208 155 234 237 20 15 206 129 152 195 242 85 92 183 86 105 96 235 250 189 164 95 222 81 40 19 2 37 236 7 102 57 240 59 10 141 52 175 238 33 184 99 18 245 124 87 118 9 128 139 26 93 196 255 254 241 72 179 34 197 12 167 134 217 16 219 42 45 84 79 14 193 216 3 50 149 156 247 150 169 160 43 58 253 228 159 30 145 104 83 66 101 44 71 166 121 48 123 74 205 116 239 46 97 248 163 82 53 188 151 182 73 192 203 90 157 4 63 62 49 136 243 98 5 76 231 198 25 80 27 106 109 148 143 78 1 24 67 114 213 220 55 214 233 224 107 122 61 36 223 94 209 168 147 130 165 108 135 230 185 112 187 138 13 180 47 110 161 56 227 146 

24 67 114 213 220 55 214 233 224 107 122 61 36 223 94 209 168 147 130 165 108 135 230 185 112 187 138 13 180 47 110 161 56 227 146 117 252 215 246 137 0 11 154 221 68 127 126 113 200 51 162 69 140 39 6 89 144 91 170 173 212 207 142 65 88 131 178 21 28 119 22 41 32 171 186 125 100 31 158 17 232 211 194 229 172 199 38 249 176 251 202 77 244 111 174 225 120 35 210 181 60 23 54 201 64 75 218 29 132 191 190 177 8 115 226 133 204 103 70 153 208 155 234 237 20 15 206 129 152 195 242 85 92 183 86 105 96 235 250 189 164 95 222 81 40 19 2 37 236 7 102 57 240 59 10 141 52 175 238 33 184 99 18 245 124 87 118 9 128 139 26 93 196 255 254 241 72 179 34 197 12 167 134 217 16 219 42 45 84 79 

25 80 27 106 109 148 143 78 1 24 67 114 213 220 55 214 233 224 107 122 61 36 223 94 209 168 147 130 165 108 135 230 185 112 187 138 13 180 47 110 161 56 227 146 117 252 215 246 137 0 11 154 221 68 127 126 113 200 51 162 69 140 39 6 89 144 91 170 173 212 207 142 65 88 131 178 21 28 119 22 41 32 171 186 125 100 31 158 17 232 211 194 229 172 199 38 249 176 251 202 77 244 111 174 225 120 35 210 181 60 23 54 201 64 75 218 29 132 191 190 177 8 115 226 133 204 103 70 153 208 155 234 237 20 15 206 129 152 195 242 85 92 183 86 105 96 235 250 189 164 95 222 81 40 19 2 37 236 7 102 57 240 59 10 141 52 175 238 33 184 99 18 245 124 87 118 9 128 139 26 93 196 255 254 241 72 179 34 197 12 

26 93 196 255 254 241 72 179 34 197 12 167 134 217 16 219 42 45 84 79 14 193 216 3 50 149 156 247 150 169 160 43 58 253 228 159 30 145 104 83 66 101 44 71 166 121 48 123 74 205 116 239 46 97 248 163 82 53 188 151 182 73 192 203 90 157 4 63 62 49 136 243 98 5 76 231 198 25 80 27 106 109 148 143 78 1 24 67 114 213 220 55 214 233 224 107 122 61 36 223 94 209 168 147 130 165 108 135 230 185 112 187 138 13 180 47 110 161 56 227 146 117 252 215 246 137 0 11 154 221 68 127 126 113 200 51 162 69 140 39 6 89 144 91 170 173 212 207 142 65 88 131 178 21 28 119 22 41 32 171 186 125 100 31 158 17 232 211 194 229 172 199 38 249 176 251 202 77 244 111 174 225 120 35 210 181 60 23 54 201 

27 106 109 148 143 78 1 24 67 114 213 220 55 214 233 224 107 122 61 36 223 94 209 168 147 130 165 108 135 230 185 112 187 138 13 180 47 110 161 56 227 146 117 252 215 246 137 0 11 154 221 68 127 126 113 200 51 162 69 140 39 6 89 144 91 170 173 212 207 142 65 88 131 178 21 28 119 22 41 32 171 186 125 100 31 158 17 232 211 194 229 172 199 38 249 176 251 202 77 244 111 174 225 120 35 210 181 60 23 54 201 64 75 218 29 132 191 190 177 8 115 226 133 204 103 70 153 208 155 234 237 20 15 206 129 152 195 242 85 92 183 86 105 96 235 250 189 164 95 222 81 40 19 2 37 236 7 102 57 240 59 10 141 52 175 238 33 184 99 18 245 124 87 118 9 128 139 26 93 196 255 254 241 72 179 34 197 12 167 134 

28 119 22 41 32 171 186 125 100 31 158 17 232 211 194 229 172 199 38 249 176 251 202 77 244 111 174 225 120 35 210 181 60 23 54 201 64 75 218 29 132 191 190 177 8 115 226 133 204 103 70 153 208 155 234 237 20 15 206 129 152 195 242 85 92 183 86 105 96 235 250 189 164 95 222 81 40 19 2 37 236 7 102 57 240 59 10 141 52 175 238 33 184 99 18 245 124 87 118 9 128 139 26 93 196 255 254 241 72 179 34 197 12 167 134 217 16 219 42 45 84 79 14 193 216 3 50 149 156 247 150 169 160 43 58 253 228 159 30 145 104 83 66 101 44 71 166 121 48 123 74 205 116 239 46 97 248 163 82 53 188 151 182 73 192 203 90 157 4 63 62 49 136 243 98 5 76 231 198 25 80 27 106 109 148 143 78 1 24 67 

29 132 191 190 177 8 115 226 133 204 103 70 153 208 155 234 237 20 15 206 129 152 195 242 85 92 183 86 105 96 235 250 189 164 95 222 81 40 19 2 37 236 7 102 57 240 59 10 141 52 175 238 33 184 99 18 245 124 87 118 9 128 139 26 93 196 255 254 241 72 179 34 197 12 167 134 217 16 219 42 45 84 79 14 193 216 3 50 149 156 247 150 169 160 43 58 253 228 159 30 145 104 83 66 101 44 71 166 121 48 123 74 205 116 239 46 97 248 163 82 53 188 151 182 73 192 203 90 157 4 63 62 49 136 243 98 5 76 231 198 25 80 27 106 109 148 143 78 1 24 67 114 213 220 55 214 233 224 107 122 61 36 223 94 209 168 147 130 165 108 135 230 185 112 187 138 13 180 47 110 161 56 227 146 117 252 215 246 137 0 

30 145 104 83 66 101 44 71 166 121 48 123 74 205 116 239 46 97 248 163 82 53 188 151 182 73 192 203 90 157 4 63 62 49 136 243 98 5 76 231 198 25 80 27 106 109 148 143 78 1 24 67 114 213 220 55 214 233 224 107 122 61 36 223 94 209 168 147 130 165 108 135 230 185 112 187 138 13 180 47 110 161 56 227 146 117 252 215 246 137 0 11 154 221 68 127 126 113 200 51 162 69 140 39 6 89 144 91 170 173 212 207 142 65 88 131 178 21 28 119 22 41 32 171 186 125 100 31 158 17 232 211 194 229 172 199 38 249 176 251 202 77 244 111 174 225 120 35 210 181 60 23 54 201 64 75 218 29 132 191 190 177 8 115 226 133 204 103 70 153 208 155 234 237 20 15 206 129 152 195 242 85 92 183 86 105 96 235 250 189 

31 158 17 232 211 194 229 172 199 38 249 176 251 202 77 244 111 174 225 120 35 210 181 60 23 54 201 64 75 218 29 132 191 190 177 8 115 226 133 204 103 70 153 208 155 234 237 20 15 206 129 152 195 242 85 92 183 86 105 96 235 250 189 164 95 222 81 40 19 2 37 236 7 102 57 240 59 10 141 52 175 238 33 184 99 18 245 124 87 118 9 128 139 26 93 196 255 254 241 72 179 34 197 12 167 134 217 16 219 42 45 84 79 14 193 216 3 50 149 156 247 150 169 160 43 58 253 228 159 30 145 104 83 66 101 44 71 166 121 48 123 74 205 116 239 46 97 248 163 82 53 188 151 182 73 192 203 90 157 4 63 62 49 136 243 98 5 76 231 198 25 80 27 106 109 148 143 78 1 24 67 114 213 220 55 214 233 224 107 122 

32 171 186 125 100 31 158 17 232 211 194 229 172 199 38 249 176 251 202 77 244 111 174 225 120 35 210 181 60 23 54 201 64 75 218 29 132 191 190 177 8 115 226 133 204 103 70 153 208 155 234 237 20 15 206 129 152 195 242 85 92 183 86 105 96 235 250 189 164 95 222 81 40 19 2 37 236 7 102 57 240 59 10 141 52 175 238 33 184 99 18 245 124 87 118 9 128 139 26 93 196 255 254 241 72 179 34 197 12 167 134 217 16 219 42 45 84 79 14 193 216 3 50 149 156 247 150 169 160 43 58 253 228 159 30 145 104 83 66 101 44 71 166 121 48 123 74 205 116 239 46 97 248 163 82 53 188 151 182 73 192 203 90 157 4 63 62 49 136 243 98 5 76 231 198 25 80 27 106 109 148 143 78 1 24 67 114 213 220 55 

33 184 99 18 245 124 87 118 9 128 139 26 93 196 255 254 241 72 179 34 197 12 167 134 217 16 219 42 45 84 79 14 193 216 3 50 149 156 247 150 169 160 43 58 253 228 159 30 145 104 83 66 101 44 71 166 121 48 123 74 205 116 239 46 97 248 163 82 53 188 151 182 73 192 203 90 157 4 63 62 49 136 243 98 5 76 231 198 25 80 27 106 109 148 143 78 1 24 67 114 213 220 55 214 233 224 107 122 61 36 223 94 209 168 147 130 165 108 135 230 185 112 187 138 13 180 47 110 161 56 227 146 117 252 215 246 137 0 11 154 221 68 127 126 113 200 51 162 69 140 39 6 89 144 91 170 173 212 207 142 65 88 131 178 21 28 119 22 41 32 171 186 125 100 31 158 17 232 211 194 229 172 199 38 249 176 251 202 77 244 

34 197 12 167 134 217 16 219 42 45 84 79 14 193 216 3 50 149 156 247 150 169 160 43 58 253 228 159 30 145 104 83 66 101 44 71 166 121 48 123 74 205 116 239 46 97 248 163 82 53 188 151 182 73 192 203 90 157 4 63 62 49 136 243 98 5 76 231 198 25 80 27 106 109 148 143 78 1 24 67 114 213 220 55 214 233 224 107 122 61 36 223 94 209 168 147 130 165 108 135 230 185 112 187 138 13 180 47 110 161 56 227 146 117 252 215 246 137 0 11 154 221 68 127 126 113 200 51 162 69 140 39 6 89 144 91 170 173 212 207 142 65 88 131 178 21 28 119 22 41 32 171 186 125 100 31 158 17 232 211 194 229 172 199 38 249 176 251 202 77 244 111 174 225 120 35 210 181 60 23 54 201 64 75 218 29 132 191 190 177 

35 210 181 60 23 54 201 64 75 218 29 132 191 190 177 8 115 226 133 204 103 70 153 208 155 234 237 20 15 206 129 152 195 242 85 92 183 86 105 96 235 250 189 164 95 222 81 40 19 2 37 236 7 102 57 240 59 10 141 52 175 238 33 184 99 18 245 124 87 118 9 128 139 26 93 196 255 254 241 72 179 34 197 12 167 134 217 16 219 42 45 84 79 14 193 216 3 50 149 156 247 150 169 160 43 58 253 228 159 30 145 104 83 66 101 44 71 166 121 48 123 74 205 116 239 46 97 248 163 82 53 188 151 182 73 192 203 90 157 4 63 62 49 136 243 98 5 76 231 198 25 80 27 106 109 148 143 78 1 24 67 114 213 220 55 214 233 224 107 122 61 36 223 94 209 168 147 130 165 108 135 230 185 112 187 138 13 180 47 110 

36 223 94 209 168 147 130 165 108 135 230 185 112 187 138 13 180 47 110 161 56 227 146 117 252 215 246 137 0 11 154 221 68 127 126 113 200 51 162 69 140 39 6 89 144 91 170 173 212 207 142 65 88 131 178 21 28 119 22 41 32 171 186 125 100 31 158 17 232 211 194 229 172 199 38 249 176 251 202 77 244 111 174 225 120 35 210 181 60 23 54 201 64 75 218 29 132 191 190 177 8 115 226 133 204 103 70 153 208 155 234 237 20 15 206 129 152 195 242 85 92 183 86 105 96 235 250 189 164 95 222 81 40 19 2 37 236 7 102 57 240 59 10 141 52 175 238 33 184 99 18 245 124 87 118 9 128 139 26 93 196 255 254 241 72 179 34 197 12 167 134 217 16 219 42 45 84 79 14 193 216 3 50 149 156 247 150 169 160 43 

37 236 7 102 57 240 59 10 141 52 175 238 33 184 99 18 245 124 87 118 9 128 139 26 93 196 255 254 241 72 179 34 197 12 167 134 217 16 219 42 45 84 79 14 193 216 3 50 149 156 247 150 169 160 43 58 253 228 159 30 145 104 83 66 101 44 71 166 121 48 123 74 205 116 239 46 97 248 163 82 53 188 151 182 73 192 203 90 157 4 63 62 49 136 243 98 5 76 231 198 25 80 27 106 109 148 143 78 1 24 67 114 213 220 55 214 233 224 107 122 61 36 223 94 209 168 147 130 165 108 135 230 185 112 187 138 13 180 47 110 161 56 227 146 117 252 215 246 137 0 11 154 221 68 127 126 113 200 51 162 69 140 39 6 89 144 91 170 173 212 207 142 65 88 131 178 21 28 119 22 41 32 171 186 125 100 31 158 17 232 

38 249 176 251 202 77 244 111 174 225 120 35 210 181 60 23 54 201 64 75 218 29 132 191 190 177 8 115 226 133 204 103 70 153 208 155 234 237 20 15 206 129 152 195 242 85 92 183 86 105 96 235 250 189 164 95 222 81 40 19 2 37 236 7 102 57 240 59 10 141 52 175 238 33 184 99 18 245 124 87 118 9 128 139 26 93 196 255 254 241 72 179 34 197 12 167 134 217 16 219 42 45 84 79 14 193 216 3 50 149 156 247 150 169 160 43 58 253 228 159 30 145 104 83 66 101 44 71 166 121 48 123 74 205 116 239 46 97 248 163 82 53 188 151 182 73 192 203 90 157 4 63 62 49 136 243 98 5 76 231 198 25 80 27 106 109 148 143 78 1 24 67 114 213 220 55 214 233 224 107 122 61 36 223 94 209 168 147 130 165 

39 6 89 144 91 170 173 212 207 142 65 88 131 178 21 28 119 22 41 32 171 186 125 100 31 158 17 232 211 194 229 172 199 38 249 176 251 202 77 244 111 174 225 120 35 210 181 60 23 54 201 64 75 218 29 132 191 190 177 8 115 226 133 204 103 70 153 208 155 234 237 20 15 206 129 152 195 242 85 92 183 86 105 96 235 250 189 164 95 222 81 40 19 2 37 236 7 102 57 240 59 10 141 52 175 238 33 184 99 18 245 124 87 118 9 128 139 26 93 196 255 254 241 72 179 34 197 12 167 134 217 16 219 42 45 84 79 14 193 216 3 50 149 156 247 150 169 160 43 58 253 228 159 30 145 104 83 66 101 44 71 166 121 48 123 74 205 116 239 46 97 248 163 82 53 188 151 182 73 192 203 90 157 4 63 62 49 136 243 98 

40 19 2 37 236 7 102 57 240 59 10 141 52 175 238 33 184 99 18 245 124 87 118 9 128 139 26 93 196 255 254 241 72 179 34 197 12 167 134 217 16 219 42 45 84 79 14 193 216 3 50 149 156 247 150 169 160 43 58 253 228 159 30 145 104 83 66 101 44 71 166 121 48 123 74 205 116 239 46 97 248 163 82 53 188 151 182 73 192 203 90 157 4 63 62 49 136 243 98 5 76 231 198 25 80 27 106 109 148 143 78 1 24 67 114 213 220 55 214 233 224 107 122 61 36 223 94 209 168 147 130 165 108 135 230 185 112 187 138 13 180 47 110 161 56 227 146 117 252 215 246 137 0 11 154 221 68 127 126 113 200 51 162 69 140 39 6 89 144 91 170 173 212 207 142 65 88 131 178 21 28 119 22 41 32 171 186 125 100 31 

41 32 171 186 125 100 31 158 17 232 211 194 229 172 199 38 249 176 251 202 77 244 111 174 225 120 35 210 181 60 23 54 201 64 75 218 29 132 191 190 177 8 115 226 133 204 103 70 153 208 155 234 237 20 15 206 129 152 195 242 85 92 183 86 105 96 235 250 189 164 95 222 81 40 19 2 37 236 7 102 57 240 59 10 141 52 175 238 33 184 99 18 245 124 87 118 9 128 139 26 93 196 255 254 241 72 179 34 197 12 167 134 217 16 219 42 45 84 79 14 193 216 3 50 149 156 247 150 169 160 43 58 253 228 159 30 145 104 83 66 101 44 71 166 121 48 123 74 205 116 239 46 97 248 163 82 53 188 151 182 73 192 203 90 157 4 63 62 49 136 243 98 5 76 231 198 25 80 27 106 109 148 143 78 1 24 67 114 213 220 

42 45 84 79 14 193 216 3 50 149 156 247 150 169 160 43 58 253 228 159 30 145 104 83 66 101 44 71 166 121 48 123 74 205 116 239 46 97 248 163 82 53 188 151 182 73 192 203 90 157 4 63 62 49 136 243 98 5 76 231 198 25 80 27 106 109 148 143 78 1 24 67 114 213 220 55 214 233 224 107 122 61 36 223 94 209 168 147 130 165 108 135 230 185 112 187 138 13 180 47 110 161 56 227 146 117 252 215 246 137 0 11 154 221 68 127 126 113 200 51 162 69 140 39 6 89 144 91 170 173 212 207 142 65 88 131 178 21 28 119 22 41 32 171 186 125 100 31 158 17 232 211 194 229 172 199 38 249 176 251 202 77 244 111 174 225 120 35 210 181 60 23 54 201 64 75 218 29 132 191 190 177 8 115 226 133 204 103 70 153 

43 58 253 228 159 30 145 104 83 66 101 44 71 166 121 48 123 74 205 116 239 46 97 248 163 82 53 188 151 182 73 192 203 90 157 4 63 62 49 136 243 98 5 76 231 198 25 80 27 106 109 148 143 78 1 24 67 114 213 220 55 214 233 224 107 122 61 36 223 94 209 168 147 130 165 108 135 230 185 112 187 138 13 180 47 110 161 56 227 146 117 252 215 246 137 0 11 154 221 68 127 126 113 200 51 162 69 140 39 6 89 144 91 170 173 212 207 142 65 88 131 178 21 28 119 22 41 32 171 186 125 100 31 158 17 232 211 194 229 172 199 38 249 176 251 202 77 244 111 174 225 120 35 210 181 60 23 54 201 64 75 218 29 132 191 190 177 8 115 226 133 204 103 70 153 208 155 234 237 20 15 206 129 152 195 242 85 92 183 86 

44 71 166 121 48 123 74 205 116 239 46 97 248 163 82 53 188 151 182 73 192 203 90 157 4 63 62 49 136 243 98 5 76 231 198 25 80 27 106 109 148 143 78 1 24 67 114 213 220 55 214 233 224 107 122 61 36 223 94 209 168 147 130 165 108 135 230 185 112 187 138 13 180 47 110 161 56 227 146 117 252 215 246 137 0 11 154 221 68 127 126 113 200 51 162 69 140 39 6 89 144 91 170 173 212 207 142 65 88 131 178 21 28 119 22 41 32 171 186 125 100 31 158 17 232 211 194 229 172 199 38 249 176 251 202 77 244 111 174 225 120 35 210 181 60 23 54 201 64 75 218 29 132 191 190 177 8 115 226 133 204 103 70 153 208 155 234 237 20 15 206 129 152 195 242 85 92 183 86 105 96 235 250 189 164 95 222 81 40 19 

45 84 79 14 193 216 3 50 149 156 247 150 169 160 43 58 253 228 159 30 145 104 83 66 101 44 71 166 121 48 123 74 205 116 239 46 97 248 163 82 53 188 151 182 73 192 203 90 157 4 63 62 49 136 243 98 5 76 231 198 25 80 27 106 109 148 143 78 1 24 67 114 213 220 55 214 233 224 107 122 61 36 223 94 209 168 147 130 165 108 135 230 185 112 187 138 13 180 47 110 161 56 227 146 117 252 215 246 137 0 11 154 221 68 127 126 113 200 51 162 69 140 39 6 89 144 91 170 173 212 207 142 65 88 131 178 21 28 119 22 41 32 171 186 125 100 31 158 17 232 211 194 229 172 199 38 249 176 251 202 77 244 111 174 225 120 35 210 181 60 23 54 201 64 75 218 29 132 191 190 177 8 115 226 133 204 103 70 153 208 

46 97 248 163 82 53 188 151 182 73 192 203 90 157 4 63 62 49 136 243 98 5 76 231 198 25 80 27 106 109 148 143 78 1 24 67 114 213 220 55 214 233 224 107 122 61 36 223 94 209 168 147 130 165 108 135 230 185 112 187 138 13 180 47 110 161 56 227 146 117 252 215 246 137 0 11 154 221 68 127 126 113 200 51 162 69 140 39 6 89 144 91 170 173 212 207 142 65 88 131 178 21 28 119 22 41 32 171 186 125 100 31 158 17 232 211 194 229 172 199 38 249 176 251 202 77 244 111 174 225 120 35 210 181 60 23 54 201 64 75 218 29 132 191 190 177 8 115 226 133 204 103 70 153 208 155 234 237 20 15 206 129 152 195 242 85 92 183 86 105 96 235 250 189 164 95 222 81 40 19 2 37 236 7 102 57 240 59 10 141 

47 110 161 56 227 146 117 252 215 246 137 0 11 154 221 68 127 126 113 200 51 162 69 140 39 6 89 144 91 170 173 212 207 142 65 88 131 178 21 28 119 22 41 32 171 186 125 100 31 158 17 232 211 194 229 172 199 38 249 176 251 202 77 244 111 174 225 120 35 210 181 60 23 54 201 64 75 218 29 132 191 190 177 8 115 226 133 204 103 70 153 208 155 234 237 20 15 206 129 152 195 242 85 92 183 86 105 96 235 250 189 164 95 222 81 40 19 2 37 236 7 102 57 240 59 10 141 52 175 238 33 184 99 18 245 124 87 118 9 128 139 26 93 196 255 254 241 72 179 34 197 12 167 134 217 16 219 42 45 84 79 14 193 216 3 50 149 156 247 150 169 160 43 58 253 228 159 30 145 104 83 66 101 44 71 166 121 48 123 74 

48 123 74 205 116 239 46 97 248 163 82 53 188 151 182 73 192 203 90 157 4 63 62 49 136 243 98 5 76 231 198 25 80 27 106 109 148 143 78 1 24 67 114 213 220 55 214 233 224 107 122 61 36 223 94 209 168 147 130 165 108 135 230 185 112 187 138 13 180 47 110 161 56 227 146 117 252 215 246 137 0 11 154 221 68 127 126 113 200 51 162 69 140 39 6 89 144 91 170 173 212 207 142 65 88 131 178 21 28 119 22 41 32 171 186 125 100 31 158 17 232 211 194 229 172 199 38 249 176 251 202 77 244 111 174 225 120 35 210 181 60 23 54 201 64 75 218 29 132 191 190 177 8 115 226 133 204 103 70 153 208 155 234 237 20 15 206 129 152 195 242 85 92 183 86 105 96 235 250 189 164 95 222 81 40 19 2 37 236 7 

Мат ожидание
27,52 117,88 125,20 128,20 131,36 131,48 127,92 127,72 125,12 137,40 133,20 129,80 126,56 151,00 130,80 129,32 135,68 136,44 125,84 136,52 126,88 124,44 118,32 130,92 125,76 125,24 128,72 133,00 132,32 133,72 131,44 127,40 120,96 124,28 126,48 129,48 132,64 132,76 129,20 123,88 121,28 123,32 114,00 125,96 127,84 121,56 126,96 125,48 126,72 122,36 122,00 153,16 128,16 125,72 124,72 121,96 127,04 126,52 130,00 129,16 123,36 129,88 137,84 123,56 91,52 130,68 132,88 125,64 123,68 118,68 130,48 125,16 127,68 129,72 120,40 127,24 129,12 107,48 128,24 126,76 133,12 123,64 128,40 123,72 129,44 127,00 136,24 128,36 128,32 122,68 110,80 130,44 124,64 126,04 134,00 129,96 144,00 126,84 123,92 126,92 135,20 130,20 131,76 126,44 128,96 131,00 131,92 128,52 125,28 124,12 124,40 122,92 119,04 114,68 129,68 130,12 120,48 128,28 127,28 124,52 129,60 129,08 127,44 131,72 131,04 122,20 119,92 131,24 150,40 133,24 125,20 128,20 131,36 131,48 122,80 127,72 130,24 116,92 133,20 124,68 126,56 94,68 125,68 124,20 135,68 136,44 130,96 136,52 126,88 129,56 143,92 125,80 125,76 135,48 133,84 122,76 127,20 128,60 126,32 122,28 120,96 134,52 131,60 124,36 122,40 122,52 118,96 129,00 131,52 123,32 134,48 125,96 127,84 131,80 132,08 125,48 126,72 127,48 132,24 112,20 128,16 125,72 129,84 127,08 127,04 126,52 130,00 124,04 128,48 119,64 

Дисперсия
11,54 36,11 37,12 38,72 37,32 38,63 38,18 38,08 38,90 38,06 37,52 37,58 38,62 43,48 37,84 38,37 37,04 36,85 36,88 37,40 37,41 37,50 33,92 38,10 37,71 38,52 41,06 38,40 37,51 37,77 37,02 37,44 33,17 38,09 38,27 37,91 36,40 37,66 38,87 38,35 37,31 38,32 37,73 38,48 37,81 38,11 37,20 38,54 38,10 39,29 37,37 36,87 37,34 37,56 37,94 37,44 38,08 37,96 37,95 37,09 37,46 38,57 38,53 37,59 11,54 35,84 38,21 37,76 37,87 38,29 38,02 37,71 37,36 38,02 37,48 38,14 37,52 44,92 38,30 38,39 38,16 37,96 36,71 37,14 37,55 37,92 34,02 37,80 37,65 36,21 35,97 38,31 38,36 37,93 38,59 38,65 41,45 36,82 38,61 38,74 37,89 38,84 38,54 38,27 36,89 37,27 37,61 37,83 37,60 37,79 37,91 38,46 38,04 37,32 36,72 36,01 37,82 38,76 36,75 37,76 37,57 37,77 37,35 38,15 37,25 38,70 38,64 37,17 11,88 39,07 38,62 37,51 38,53 37,42 37,63 37,75 36,91 37,59 38,30 38,37 36,97 23,80 37,81 37,69 37,54 38,85 39,08 38,96 38,44 38,64 40,89 38,33 38,14 37,17 34,26 37,86 38,53 37,74 38,66 38,61 34,22 37,53 37,41 37,54 39,61 38,07 36,76 37,44 38,29 37,43 37,99 37,41 37,91 36,83 39,03 37,04 38,32 37,17 38,33 35,20 38,34 38,41 39,06 38,56 37,65 38,56 38,80 38,65 38,95 37,53 

